0 1 2 4 5 
1 1 4 5 
2 1 
3 1 
4 1 
5 1 4 5 
6 1 4 5 
7 1 4 5 
8 1 4 5 
9 1 
10 1 4 5 
11 1 
12 1 4 5 
13 1 4 5 
14 1 
15 1 
16 1 4 5 
17 1 
18 1 
19 1 
20 1 
21 1 
22 1 
23 1 
24 1 
25 1 
26 1 
27 1 
28 1 4 5 
29 1 
30 1 
31 1 2 3 
32 1 
33 1 
34 1 
35 1 
36 1 
37 1 
38 1 
39 1 4 5 
40 1 4 5 
41 1 4 5 
42 1 
43 1 
44 1 
45 1 
46 1 2 3 
47 1 
48 1 
49 1 4 5 
50 1 
51 1 4 5 
52 1 4 5 
53 1 
54 1 4 5 
55 1 4 5 
56 1 
57 1 
58 1 4 5 
59 1 4 5 
60 1 4 5 
61 1 4 5 
62 1 4 5 
63 1 4 5 
64 1 4 5 
65 1 4 5 
66 1 
67 1 4 5 
68 1 4 5 
69 1 
70 1 4 5 
71 1 
72 1 
73 1 4 5 
74 1 
75 1 
76 1 4 5 
77 1 4 5 
78 1 4 5 
79 1 
80 1 
81 1 4 5 
82 1 
83 1 4 5 
84 1 2 3 
85 1 
86 1 
87 1 
88 1 
89 1 
90 1 4 5 
91 1 4 5 
92 1 4 5 
93 1 
94 1 
95 1 
96 1 4 5 
97 1 
98 1 4 5 
99 1 4 5 
100 1 4 5 
101 1 
102 1 
103 1 
104 1 4 5 
105 1 
106 1 4 5 
107 1 
108 1 4 5 
109 1 4 5 
110 1 2 3 4 5 
111 1 2 3 
112 1 
113 1 4 5 
114 1 
115 1 
116 1 
117 1 
118 1 
119 1 
120 1 
121 1 
122 1 
123 1 
124 1 
125 1 2 3 
126 1 
127 1 2 3 4 5 
128 1 
129 1 
130 1 
131 1 
132 1 
133 1 
134 1 2 3 4 5 
135 1 2 3 4 5 
136 1 
137 1 4 5 
138 1 
139 1 
140 1 
141 1 
142 1 
143 1 
144 1 2 3 
145 1 
146 1 
147 1 
148 1 
149 1 4 5 
150 1 
151 1 
152 1 
153 1 
154 1 
155 1 2 3 
156 2 3 
157 2 3 
158 2 3 
159 2 3 
160 2 3 
161 2 3 
162 2 3 
163 2 3 
164 2 3 
165 2 3 4 5 
166 2 3 
167 2 3 
168 2 3 4 5 
169 2 3 
170 2 3 
171 2 3 
172 2 3 
173 2 3 
174 2 3 
175 2 3 4 5 
176 2 3 4 5 
177 2 3 
178 2 3 
179 2 3 4 5 
180 2 3 
181 2 3 
182 2 3 
183 2 3 
184 2 3 
185 2 3 
186 2 3 
187 2 3 
188 2 3 
189 2 3 4 5 
190 2 3 
191 2 3 
192 2 3 
193 2 3 
194 2 3 
195 2 3 
196 2 3 
197 2 3 4 5 
198 2 3 4 5 
199 2 3 
200 2 3 
201 2 3 4 5 
202 2 3 
203 2 3 4 5 
204 2 3 4 5 
205 2 3 
206 2 3 
207 2 3 
208 2 3 
209 2 3 
210 2 3 
211 2 3 
212 2 3 
213 2 3 
214 2 3 
215 2 3 
216 2 3 
217 2 3 
218 2 3 
219 2 3 
220 2 3 
221 2 3 
222 2 3 
223 2 3 
224 2 3 
225 2 3 4 5 
226 2 3 
227 2 3 4 5 
228 2 3 
229 2 3 
230 2 3 
231 4 5 
232 4 5 
233 4 5 
234 4 5 
235 4 5 
236 4 5 
237 4 5 
238 4 5 
239 4 5 
240 4 5 
241 4 5 
242 4 5 
243 4 5 
244 4 5 
245 4 5 
246 4 5 
247 4 5 
248 4 5 
249 4 5 
250 4 5 
251 4 5 
252 4 5 
253 4 5 
254 4 5 
255 4 5 
256 4 5 
257 4 5 
258 4 5 
259 4 5 
260 4 5 
261 4 5 
262 4 5 
263 4 5 
264 4 5 
265 4 5 
266 4 5 
267 4 5 
268 4 5 
269 4 5 
270 4 5 
271 4 5 
272 4 5 
273 4 5 
274 4 5 
275 4 5 
276 4 5 
277 4 5 
278 4 5 
279 4 5 
280 4 5 
281 4 5 
282 4 5 
283 4 5 
284 4 5 
285 4 5 
286 4 5 
287 4 5 
288 4 5 
289 4 5 
290 4 5 
291 4 5 
292 4 5 
293 4 5 
294 4 5 
295 4 5 
296 4 5 
297 4 5 
298 4 5 
299 4 5 
300 4 5 
301 4 5 
302 4 5 
303 4 5 
304 4 5 
305 4 5 
306 4 5 
307 4 5 
308 4 5 
309 4 5 
310 4 5 
311 4 5 
312 4 5 
313 4 5 
314 4 5 
315 4 5 
316 4 5 
317 4 5 
318 4 5 
319 4 5 
320 4 5 
321 4 5 
322 4 5 
323 4 5 
324 4 5 
325 4 5 
326 4 5 
327 4 5 
328 4 5 
329 4 5 
330 4 5 
331 4 5 
332 4 5 
333 4 5 
334 4 5 
335 4 5 
336 4 5 
337 4 5 
338 4 5 
339 4 5 
340 4 5 
341 4 5 
342 4 5 
343 4 5 
344 4 5 
345 4 5 
346 4 5 
347 4 5 
348 4 5 
349 4 5 
350 4 5 
351 4 5 
352 4 5 
353 4 5 
354 4 5 
355 4 5 
356 4 5 
357 4 5 
358 4 5 
359 4 5 
360 4 5 
361 4 5 
362 4 5 
363 4 5 
364 4 5 
365 4 5 
366 4 5 
367 4 5 
368 4 5 
369 4 5 
370 4 5 
371 4 5 
372 4 5 
373 4 5 
