0 93 4 1,0 1,6 1,11 1,14 1,23 1,30 1,47 1,59 1,85 1,92 1,109 1,120 1,139 1,144 1,148 1,151 1,156 1,165 1,174 1,190 1,194 1,197 1,208 1,210 2,90 4,25 4,29 4,31 4,39 4,45 4,58 4,67 4,76 4,87 4,93 4,97 4,108 4,114 4,123 4,140 4,145 4,151 4,158 4,170 4,176 4,189 4,204 4,217 4,221 4,246 4,254 4,258 4,266 4,285 4,290 4,298 4,312 4,319 4,325 5,25 5,29 5,31 5,39 5,45 5,58 5,67 5,76 5,87 5,93 5,97 5,108 5,114 5,123 5,140 5,145 5,151 5,158 5,170 5,176 5,189 5,204 5,217 5,221 5,246 5,254 5,258 5,266 5,285 5,290 5,298 5,312 5,319 5,325 
1 16 3 1,1 1,18 1,48 1,166 1,176 1,211 4,22 4,26 4,41 4,122 4,296 5,22 5,26 5,41 5,122 5,296 
2 3 1 1,2 1,3 1,178 
3 1 1 1,4 
4 1 1 1,5 
5 7 3 1,7 1,87 1,154 4,59 4,94 5,59 5,94 
6 7 3 1,8 1,43 1,72 1,83 1,177 4,61 5,61 
7 4 3 1,9 1,99 4,62 5,62 
8 11 3 1,10 4,37 4,63 4,85 4,138 4,241 5,37 5,63 5,85 5,138 5,241 
9 1 1 1,12 
10 67 3 1,13 1,22 1,46 1,58 1,84 1,91 1,119 4,24 4,28 4,30 4,38 4,57 4,66 4,75 4,86 4,92 4,96 4,107 4,113 4,139 4,144 4,150 4,157 4,169 4,175 4,188 4,203 4,216 4,220 4,245 4,253 4,257 4,265 4,284 4,289 4,297 4,311 5,24 5,28 5,30 5,38 5,57 5,66 5,75 5,86 5,92 5,96 5,107 5,113 5,139 5,144 5,150 5,157 5,169 5,175 5,188 5,203 5,216 5,220 5,245 5,253 5,257 5,265 5,284 5,289 5,297 5,311 
11 1 1 1,15 
12 7 3 1,16 1,96 1,170 4,77 4,104 5,77 5,104 
13 4 3 1,17 1,75 4,316 5,316 
14 1 1 1,19 
15 4 1 1,20 1,40 1,63 1,140 
16 14 3 1,21 1,55 1,56 1,62 1,74 1,179 4,219 4,223 4,224 4,242 5,219 5,223 5,224 5,242 
17 5 1 1,24 1,34 1,52 1,60 1,86 
18 1 1 1,25 
19 1 1 1,26 
20 1 1 1,27 
21 1 1 1,28 
22 1 1 1,29 
23 1 1 1,31 
24 3 1 1,32 1,37 1,203 
25 2 1 1,33 1,35 
26 1 1 1,36 
27 1 1 1,38 
28 3 3 1,39 4,218 5,218 
29 1 1 1,41 
30 2 1 1,42 1,147 
31 3 3 1,44 2,68 3,68 
32 1 1 1,45 
33 1 1 1,49 
34 1 1 1,50 
35 1 1 1,51 
36 1 1 1,53 
37 1 1 1,54 
38 2 1 1,57 1,180 
39 3 3 1,61 4,243 5,243 
40 3 3 1,64 4,117 5,117 
41 3 3 1,65 4,164 5,164 
42 1 1 1,66 
43 1 1 1,67 
44 1 1 1,68 
45 1 1 1,69 
46 4 3 1,70 1,107 2,55 3,55 
47 2 1 1,71 1,206 
48 1 1 1,73 
49 3 3 1,76 4,334 5,334 
50 1 1 1,77 
51 5 3 1,78 4,237 4,252 5,237 5,252 
52 5 3 1,79 4,240 4,249 5,240 5,249 
53 2 1 1,80 1,181 
54 10 3 1,81 1,88 1,110 1,182 4,60 4,102 4,333 5,60 5,102 5,333 
55 3 3 1,82 4,32 5,32 
56 1 1 1,89 
57 1 1 1,90 
58 5 3 1,93 4,110 4,191 5,110 5,191 
59 21 3 1,94 1,97 1,114 1,128 1,186 4,73 4,78 4,83 4,99 4,173 4,179 4,213 4,331 5,73 5,78 5,83 5,99 5,173 5,179 5,213 5,331 
60 5 3 1,95 4,74 4,332 5,74 5,332 
61 5 3 1,98 4,79 4,100 5,79 5,100 
62 5 3 1,100 4,148 4,277 5,148 5,277 
63 3 3 1,101 4,119 5,119 
64 27 3 1,102 4,71 4,80 4,103 4,109 4,171 4,177 4,190 4,194 4,225 4,281 4,313 4,326 4,360 5,71 5,80 5,103 5,109 5,171 5,177 5,190 5,194 5,225 5,281 5,313 5,326 5,360 
65 9 3 1,103 4,81 4,88 4,314 4,327 5,81 5,88 5,314 5,327 
66 1 1 1,104 
67 3 3 1,105 4,82 5,82 
68 3 3 1,106 4,91 5,91 
69 2 1 1,108 1,163 
70 5 3 1,111 1,117 1,183 4,267 5,267 
71 2 1 1,112 1,184 
72 2 1 1,113 1,185 
73 7 3 1,115 1,129 1,187 4,174 4,214 5,174 5,214 
74 1 1 1,116 
75 1 1 1,118 
76 3 3 1,121 4,205 5,205 
77 3 3 1,122 4,206 5,206 
78 4 3 1,123 1,230 4,207 5,207 
79 1 1 1,124 
80 1 1 1,125 
81 5 3 1,126 4,208 4,264 5,208 5,264 
82 3 1 1,127 1,236 1,247 
83 3 3 1,130 4,212 5,212 
84 4 3 1,131 1,162 2,62 3,62 
85 1 1 1,132 
86 1 1 1,133 
87 1 1 1,134 
88 1 1 1,135 
89 2 1 1,136 1,188 
90 9 3 1,137 1,143 1,189 4,288 4,294 4,302 5,288 5,294 5,302 
91 3 3 1,138 4,244 5,244 
92 19 3 1,141 4,115 4,124 4,146 4,152 4,159 4,255 4,259 4,291 4,299 5,115 5,124 5,146 5,152 5,159 5,255 5,259 5,291 5,299 
93 1 1 1,142 
94 1 1 1,145 
95 1 1 1,146 
96 11 3 1,149 1,157 1,191 4,95 4,101 4,128 4,135 5,95 5,101 5,128 5,135 
97 1 1 1,150 
98 3 3 1,152 4,141 5,141 
99 5 3 1,153 4,130 4,142 5,130 5,142 
100 3 3 1,155 4,33 5,33 
101 2 1 1,158 1,192 
102 2 1 1,159 1,193 
103 1 1 1,160 
104 3 3 1,161 4,118 5,118 
105 1 1 1,164 
106 9 3 1,167 4,23 4,27 4,36 4,42 5,23 5,27 5,36 5,42 
107 1 1 1,168 
108 3 3 1,169 4,199 5,199 
109 5 3 1,171 4,105 4,121 5,105 5,121 
110 15 5 1,172 1,213 1,257 2,5 2,116 2,124 2,136 3,5 3,115 3,123 3,135 4,106 4,196 5,106 5,196 
111 3 3 1,173 2,74 3,74 
112 1 1 1,175 
113 5 3 1,195 4,16 4,52 5,16 5,52 
114 1 1 1,196 
115 1 1 1,198 
116 1 1 1,199 
117 1 1 1,200 
118 1 1 1,201 
119 1 1 1,202 
120 1 1 1,204 
121 1 1 1,205 
122 1 1 1,207 
123 1 1 1,209 
124 1 1 1,212 
125 6 3 1,214 1,220 2,12 2,15 3,12 3,15 
126 2 1 1,215 1,222 
127 42 5 1,216 1,218 1,255 1,256 1,258 1,261 2,7 2,9 2,11 2,13 2,25 2,27 2,29 2,31 2,32 2,33 2,34 2,35 2,36 2,123 2,126 2,137 3,7 3,9 3,11 3,13 3,25 3,27 3,29 3,31 3,32 3,33 3,34 3,35 3,36 3,122 3,125 3,136 4,384 4,392 5,384 5,392 
128 2 1 1,217 1,223 
129 1 1 1,219 
130 2 1 1,221 1,233 
131 1 1 1,224 
132 1 1 1,225 
133 1 1 1,226 
134 6 5 1,227 1,234 2,89 3,89 4,366 5,366 
135 8 5 1,228 1,235 2,91 2,95 3,90 3,94 4,367 5,367 
136 2 1 1,229 1,232 
137 3 3 1,231 4,368 5,368 
138 1 1 1,237 
139 1 1 1,238 
140 2 1 1,239 1,250 
141 1 1 1,240 
142 1 1 1,241 
143 1 1 1,242 
144 4 3 1,243 1,249 2,94 3,93 
145 1 1 1,244 
146 1 1 1,245 
147 1 1 1,246 
148 1 1 1,248 
149 3 3 1,251 4,373 5,373 
150 1 1 1,252 
151 1 1 1,253 
152 1 1 1,254 
153 2 1 1,259 1,263 
154 1 1 1,260 
155 10 3 1,262 1,264 2,127 2,132 2,140 2,141 3,126 3,131 3,139 3,140 
156 8 2 2,0 2,23 2,79 2,98 3,0 3,23 3,79 3,97 
157 4 2 2,1 2,80 3,1 3,80 
158 4 2 2,2 2,19 3,2 3,19 
159 8 2 2,3 2,20 2,60 2,66 3,3 3,20 3,60 3,66 
160 6 2 2,4 2,119 2,121 3,4 3,118 3,120 
161 2 2 2,6 3,6 
162 2 2 2,8 3,8 
163 2 2 2,10 3,10 
164 4 2 2,14 2,16 3,14 3,16 
165 18 4 2,17 2,21 2,43 2,61 2,75 2,78 2,82 2,83 3,17 3,21 3,43 3,61 3,75 3,78 3,82 3,83 4,251 5,251 
166 2 2 2,18 3,18 
167 2 2 2,22 3,22 
168 10 4 2,24 2,41 2,48 2,50 3,24 3,41 3,48 3,50 4,14 5,14 
169 2 2 2,26 3,26 
170 2 2 2,28 3,28 
171 2 2 2,30 3,30 
172 2 2 2,37 3,37 
173 4 2 2,38 2,39 3,38 3,39 
174 4 2 2,40 2,49 3,40 3,49 
175 6 4 2,42 2,51 3,42 3,51 4,19 5,19 
176 4 4 2,44 3,44 4,5 5,5 
177 2 2 2,45 3,45 
178 10 2 2,46 2,54 2,58 2,63 2,65 3,46 3,54 3,58 3,63 3,65 
179 6 4 2,47 3,47 4,0 4,129 5,0 5,129 
180 2 2 2,52 3,52 
181 2 2 2,53 3,53 
182 2 2 2,56 3,56 
183 2 2 2,57 3,57 
184 2 2 2,59 3,59 
185 2 2 2,64 3,64 
186 2 2 2,67 3,67 
187 2 2 2,69 3,69 
188 2 2 2,70 3,70 
189 4 4 2,71 3,71 4,209 5,209 
190 2 2 2,72 3,72 
191 2 2 2,73 3,73 
192 2 2 2,76 3,76 
193 2 2 2,77 3,77 
194 2 2 2,81 3,81 
195 2 2 2,84 3,84 
196 4 2 2,85 2,88 3,85 3,88 
197 4 4 2,86 3,86 4,364 5,364 
198 6 4 2,87 3,87 4,365 4,380 5,365 5,380 
199 2 2 2,92 3,91 
200 2 2 2,93 3,92 
201 4 4 2,96 3,95 4,363 5,363 
202 2 2 2,97 3,96 
203 4 4 2,99 3,98 4,376 5,376 
204 4 4 2,100 3,99 4,377 5,377 
205 2 2 2,101 3,100 
206 2 2 2,102 3,101 
207 2 2 2,103 3,102 
208 2 2 2,104 3,103 
209 2 2 2,105 3,104 
210 2 2 2,106 3,105 
211 2 2 2,107 3,106 
212 2 2 2,108 3,107 
213 2 2 2,109 3,108 
214 2 2 2,110 3,109 
215 2 2 2,111 3,110 
216 2 2 2,112 3,111 
217 4 2 2,113 2,129 3,112 3,128 
218 2 2 2,114 3,113 
219 2 2 2,115 3,114 
220 2 2 2,117 3,116 
221 2 2 2,118 3,117 
222 2 2 2,120 3,119 
223 2 2 2,122 3,121 
224 4 2 2,125 2,138 3,124 3,137 
225 4 4 2,128 3,127 4,335 5,335 
226 2 2 2,130 3,129 
227 16 4 2,131 3,130 4,336 4,386 4,387 4,388 4,402 4,405 4,408 5,336 5,386 5,387 5,388 5,402 5,405 5,408 
228 4 2 2,133 2,139 3,132 3,138 
229 2 2 2,134 3,133 
230 2 2 2,135 3,134 
231 10 2 4,1 4,13 4,226 4,228 4,234 5,1 5,13 5,226 5,228 5,234 
232 2 2 4,2 5,2 
233 2 2 4,3 5,3 
234 14 2 4,4 4,10 4,48 4,341 4,346 4,369 4,378 5,4 5,10 5,48 5,341 5,346 5,369 5,378 
235 2 2 4,6 5,6 
236 2 2 4,7 5,7 
237 2 2 4,8 5,8 
238 2 2 4,9 5,9 
239 2 2 4,11 5,11 
240 2 2 4,12 5,12 
241 2 2 4,15 5,15 
242 2 2 4,17 5,17 
243 2 2 4,18 5,18 
244 2 2 4,20 5,20 
245 2 2 4,21 5,21 
246 4 2 4,34 4,292 5,34 5,292 
247 4 2 4,35 4,181 5,35 5,181 
248 2 2 4,40 5,40 
249 2 2 4,43 5,43 
250 2 2 4,44 5,44 
251 8 2 4,46 4,286 4,303 4,330 5,46 5,286 5,303 5,330 
252 2 2 4,47 5,47 
253 6 2 4,49 4,178 4,361 5,49 5,178 5,361 
254 4 2 4,50 4,362 5,50 5,362 
255 2 2 4,51 5,51 
256 2 2 4,53 5,53 
257 2 2 4,54 5,54 
258 2 2 4,55 5,55 
259 2 2 4,56 5,56 
260 2 2 4,64 5,64 
261 2 2 4,65 5,65 
262 2 2 4,68 5,68 
263 2 2 4,69 5,69 
264 2 2 4,70 5,70 
265 4 2 4,72 4,268 5,72 5,268 
266 2 2 4,84 5,84 
267 2 2 4,89 5,89 
268 4 2 4,90 4,261 5,90 5,261 
269 2 2 4,98 5,98 
270 4 2 4,111 4,269 5,111 5,269 
271 4 2 4,112 4,315 5,112 5,315 
272 4 2 4,116 4,127 5,116 5,127 
273 2 2 4,120 5,120 
274 2 2 4,125 5,125 
275 4 2 4,126 4,133 5,126 5,133 
276 2 2 4,131 5,131 
277 2 2 4,132 5,132 
278 2 2 4,134 5,134 
279 2 2 4,136 5,136 
280 2 2 4,137 5,137 
281 2 2 4,143 5,143 
282 8 2 4,147 4,153 4,161 4,280 5,147 5,153 5,161 5,280 
283 4 2 4,149 4,278 5,149 5,278 
284 4 2 4,154 4,168 5,154 5,168 
285 4 2 4,155 4,166 5,155 5,166 
286 2 2 4,156 5,156 
287 4 2 4,160 4,163 5,160 5,163 
288 2 2 4,162 5,162 
289 2 2 4,165 5,165 
290 2 2 4,167 5,167 
291 2 2 4,172 5,172 
292 2 2 4,180 5,180 
293 2 2 4,182 5,182 
294 2 2 4,183 5,183 
295 6 2 4,184 4,247 4,320 5,184 5,247 5,320 
296 6 2 4,185 4,248 4,328 5,185 5,248 5,328 
297 4 2 4,186 4,329 5,186 5,329 
298 2 2 4,187 5,187 
299 4 2 4,192 4,201 5,192 5,201 
300 2 2 4,193 5,193 
301 4 2 4,195 4,233 5,195 5,233 
302 2 2 4,197 5,197 
303 2 2 4,198 5,198 
304 4 2 4,200 4,227 5,200 5,227 
305 2 2 4,202 5,202 
306 6 2 4,210 4,230 4,239 5,210 5,230 5,239 
307 2 2 4,211 5,211 
308 2 2 4,215 5,215 
309 2 2 4,222 5,222 
310 4 2 4,229 4,235 5,229 5,235 
311 2 2 4,231 5,231 
312 2 2 4,232 5,232 
313 2 2 4,236 5,236 
314 2 2 4,238 5,238 
315 2 2 4,250 5,250 
316 6 2 4,256 4,260 4,276 5,256 5,260 5,276 
317 2 2 4,262 5,262 
318 2 2 4,263 5,263 
319 2 2 4,270 5,270 
320 2 2 4,271 5,271 
321 2 2 4,272 5,272 
322 2 2 4,273 5,273 
323 2 2 4,274 5,274 
324 2 2 4,275 5,275 
325 2 2 4,279 5,279 
326 2 2 4,282 5,282 
327 2 2 4,283 5,283 
328 6 2 4,287 4,293 4,301 5,287 5,293 5,301 
329 2 2 4,295 5,295 
330 2 2 4,300 5,300 
331 2 2 4,304 5,304 
332 4 2 4,305 4,310 5,305 5,310 
333 4 2 4,306 4,309 5,306 5,309 
334 4 2 4,307 4,324 5,307 5,324 
335 6 2 4,308 4,318 4,321 5,308 5,318 5,321 
336 2 2 4,317 5,317 
337 2 2 4,322 5,322 
338 2 2 4,323 5,323 
339 2 2 4,337 5,337 
340 2 2 4,338 5,338 
341 2 2 4,339 5,339 
342 4 2 4,340 4,345 5,340 5,345 
343 4 2 4,342 4,347 5,342 5,347 
344 4 2 4,343 4,348 5,343 5,348 
345 4 2 4,344 4,349 5,344 5,349 
346 2 2 4,350 5,350 
347 2 2 4,351 5,351 
348 2 2 4,352 5,352 
349 2 2 4,353 5,353 
350 4 2 4,354 4,355 5,354 5,355 
351 2 2 4,356 5,356 
352 2 2 4,357 5,357 
353 2 2 4,358 5,358 
354 2 2 4,359 5,359 
355 2 2 4,370 5,370 
356 2 2 4,371 5,371 
357 2 2 4,372 5,372 
358 4 2 4,374 4,382 5,374 5,382 
359 4 2 4,375 4,383 5,375 5,383 
360 2 2 4,379 5,379 
361 2 2 4,381 5,381 
362 4 2 4,385 4,390 5,385 5,390 
363 6 2 4,389 4,403 4,406 5,389 5,403 5,406 
364 2 2 4,391 5,391 
365 2 2 4,393 5,393 
366 2 2 4,394 5,394 
367 2 2 4,395 5,395 
368 2 2 4,396 5,396 
369 2 2 4,397 5,397 
370 2 2 4,398 5,398 
371 2 2 4,399 5,399 
372 6 2 4,400 4,404 4,407 5,400 5,404 5,407 
373 2 2 4,401 5,401 
